{
 "cells": [
  {
   "cell_type": "code",
   "execution_count": 1,
   "source": [
    "import numpy as np\n",
    "from matplotlib import pyplot as plt\n",
    "import pymc3 as pm\n",
    "\n",
    "plt.style.use('grayscale')\n",
    "plt.style.use('seaborn-whitegrid')\n",
    "np.random.seed(0)"
   ],
   "outputs": [
    {
     "output_type": "stream",
     "name": "stderr",
     "text": [
      "/Users/hiromu.nakamura/.pyenv/versions/3.9.0/lib/python3.9/site-packages/pandas/compat/__init__.py:124: UserWarning: Could not import the lzma module. Your installed Python is incomplete. Attempting to use lzma compression will result in a RuntimeError.\n",
      "  warnings.warn(msg)\n"
     ]
    }
   ],
   "metadata": {}
  },
  {
   "cell_type": "code",
   "execution_count": 2,
   "source": [
    "arms = [[0, 0], [0, 1], [1, 0], [1, 1]]"
   ],
   "outputs": [],
   "metadata": {}
  },
  {
   "cell_type": "code",
   "execution_count": 3,
   "source": [
    "class Env(object):\n",
    "  def p(arm):\n",
    "    x = arm[0] * 0.2 + arm[1] * 0.8 - 4\n",
    "    p = 1 / (1 + np.exp(-x))\n",
    "    return p\n",
    "\n",
    "  def react(arm):\n",
    "    return 1 if np.random.random() < Env.p(arm) else 0\n",
    "\n",
    "  def opt():\n",
    "    return np.argmax([Env.p(arm) for arm in arms])"
   ],
   "outputs": [],
   "metadata": {}
  },
  {
   "cell_type": "code",
   "execution_count": 10,
   "source": [
    "class LinUCBAgent(object):\n",
    "  def __init__(self):\n",
    "    self.phis = np.array([[arm[0], arm[1], 1] for arm in arms]).T\n",
    "    self.alpha = 1\n",
    "    self.sigma = 1\n",
    "    self.inv_A = np.identity(self.phis.shape[0])\n",
    "    self.b = np.zeros((self.phis.shape[0], 1))\n",
    "\n",
    "  def get_arm(self):\n",
    "    post_mean = self.inv_A.dot(self.b)\n",
    "    post_var = self.inv_A\n",
    "    pred_mean = self.phis.T.dot(post_mean)\n",
    "    pred_var = self.phis.T.dot(post_var).dot(self.phis)\n",
    "    ucb = pred_mean.T + self.alpha * np.sqrt(np.diag(pred_var))\n",
    "    return np.argmax(ucb)\n",
    "\n",
    "  def sample(self, arm_index, reward):\n",
    "    phi = self.phis[:, [arm_index]]\n",
    "    print('---------')\n",
    "    print(type(self.inv_A))\n",
    "    print(self.inv_A)\n",
    "    print(type(phi))\n",
    "    print(phi)\n",
    "\n",
    "    iAppTiA = self.inv_A.dot(phi).dot(phi.T).dot(self.inv_A)\n",
    "    s2_pTiAp = self.sigma ** 2 + phi.T.dot(self.inv_A).dot(phi)\n",
    "    self.inv_A = self.inv_A - iAppTiA / s2_pTiAp\n",
    "    self.b = self.b + (self.sigma ** 2) * reward * phi"
   ],
   "outputs": [],
   "metadata": {}
  },
  {
   "cell_type": "code",
   "execution_count": 11,
   "source": [
    "class UCBAgent(object):\n",
    "\n",
    "  def __init__(self):\n",
    "    self.count = [0 for _ in range(n_arms)]\n",
    "    self.value = [0 for _ in range(n_arms)]\n",
    "\n",
    "  def calc_ucb(self, arm):\n",
    "    ucb = self.value[arm]\n",
    "    ucb += np.sqrt(np.log(sum(self.count)) / (2 * self.count[arm]))\n",
    "    return ucb\n",
    "\n",
    "  def get_arm(self):\n",
    "    if 0 in self.count:\n",
    "      arm = self.count.index(0)\n",
    "    else:\n",
    "      ucb = [self.calc_ucb(arm) for arm in range(n_arms)]\n",
    "      arm = ucb.index(max(ucb))\n",
    "    return arm\n",
    "\n",
    "  def sample(self, arm, reward):\n",
    "    self.count[arm] = self.count[arm] + 1\n",
    "    self.value[arm] = (\n",
    "        (self.count[arm] - 1) * self.value[arm] + reward\n",
    "        ) / self.count[arm]"
   ],
   "outputs": [],
   "metadata": {}
  },
  {
   "cell_type": "code",
   "execution_count": 12,
   "source": [
    "# agent_classes = [LinUCBAgent, UCBAgent]\n",
    "agent_classes = [LinUCBAgent]\n",
    "n_arms = len(arms)\n",
    "n_iter = 5\n",
    "n_step = 50\n",
    "selected_arms = np.zeros(\n",
    "    (n_iter, len(agent_classes), n_step), dtype=int)\n",
    "earned_rewards = np.zeros(\n",
    "    (n_iter, len(agent_classes), n_step), dtype=int)\n",
    "for it in range(n_iter):\n",
    "  for i, agent_class in enumerate(agent_classes):\n",
    "    agent = agent_class()\n",
    "    for step in range(n_step):\n",
    "      arm_index = agent.get_arm()\n",
    "      arm = arms[arm_index]\n",
    "      reward = Env.react(arm)\n",
    "      agent.sample(arm_index, reward)\n",
    "      selected_arms[it, i, step] = arm_index\n",
    "      earned_rewards[it, i, step] = reward\n",
    "\n",
    "acc = np.mean(selected_arms==Env.opt(), axis=0)\n",
    "plt.plot(acc[0], label='LinUCB')\n",
    "plt.plot(acc[1], label='UCB')\n",
    "plt.xlabel(r'$t$')\n",
    "plt.ylabel(r'$\\mathbb{E}[x(t) = x^*]$')\n",
    "plt.legend()\n",
    "plt.show()"
   ],
   "outputs": [
    {
     "output_type": "stream",
     "name": "stdout",
     "text": [
      "---------\n",
      "<class 'numpy.ndarray'>\n",
      "[[1. 0. 0.]\n",
      " [0. 1. 0.]\n",
      " [0. 0. 1.]]\n",
      "<class 'numpy.ndarray'>\n",
      "[[1]\n",
      " [1]\n",
      " [1]]\n",
      "---------\n",
      "<class 'numpy.ndarray'>\n",
      "[[ 0.75 -0.25 -0.25]\n",
      " [-0.25  0.75 -0.25]\n",
      " [-0.25 -0.25  0.75]]\n",
      "<class 'numpy.ndarray'>\n",
      "[[0]\n",
      " [1]\n",
      " [1]]\n",
      "---------\n",
      "<class 'numpy.ndarray'>\n",
      "[[ 0.625 -0.125 -0.125]\n",
      " [-0.125  0.625 -0.375]\n",
      " [-0.125 -0.375  0.625]]\n",
      "<class 'numpy.ndarray'>\n",
      "[[1]\n",
      " [0]\n",
      " [1]]\n",
      "---------\n",
      "<class 'numpy.ndarray'>\n",
      "[[ 0.5   0.   -0.25]\n",
      " [ 0.    0.5  -0.25]\n",
      " [-0.25 -0.25  0.5 ]]\n",
      "<class 'numpy.ndarray'>\n",
      "[[0]\n",
      " [0]\n",
      " [1]]\n",
      "---------\n",
      "<class 'numpy.ndarray'>\n",
      "[[ 0.45833333 -0.04166667 -0.16666667]\n",
      " [-0.04166667  0.45833333 -0.16666667]\n",
      " [-0.16666667 -0.16666667  0.33333333]]\n",
      "<class 'numpy.ndarray'>\n",
      "[[1]\n",
      " [1]\n",
      " [1]]\n",
      "---------\n",
      "<class 'numpy.ndarray'>\n",
      "[[ 0.41666667 -0.08333333 -0.16666667]\n",
      " [-0.08333333  0.41666667 -0.16666667]\n",
      " [-0.16666667 -0.16666667  0.33333333]]\n",
      "<class 'numpy.ndarray'>\n",
      "[[0]\n",
      " [1]\n",
      " [1]]\n",
      "---------\n",
      "<class 'numpy.ndarray'>\n",
      "[[ 0.37254902 -0.03921569 -0.1372549 ]\n",
      " [-0.03921569  0.37254902 -0.19607843]\n",
      " [-0.1372549  -0.19607843  0.31372549]]\n",
      "<class 'numpy.ndarray'>\n",
      "[[1]\n",
      " [0]\n",
      " [1]]\n",
      "---------\n",
      "<class 'numpy.ndarray'>\n",
      "[[ 3.33333333e-01  1.38777878e-17 -1.66666667e-01]\n",
      " [ 1.38777878e-17  3.33333333e-01 -1.66666667e-01]\n",
      " [-1.66666667e-01 -1.66666667e-01  2.91666667e-01]]\n",
      "<class 'numpy.ndarray'>\n",
      "[[0]\n",
      " [0]\n",
      " [1]]\n",
      "---------\n",
      "<class 'numpy.ndarray'>\n",
      "[[ 0.31182796 -0.02150538 -0.12903226]\n",
      " [-0.02150538  0.31182796 -0.12903226]\n",
      " [-0.12903226 -0.12903226  0.22580645]]\n",
      "<class 'numpy.ndarray'>\n",
      "[[1]\n",
      " [1]\n",
      " [1]]\n",
      "---------\n",
      "<class 'numpy.ndarray'>\n",
      "[[ 0.29166667 -0.04166667 -0.125     ]\n",
      " [-0.04166667  0.29166667 -0.125     ]\n",
      " [-0.125      -0.125       0.225     ]]\n",
      "<class 'numpy.ndarray'>\n",
      "[[0]\n",
      " [1]\n",
      " [1]]\n",
      "---------\n",
      "<class 'numpy.ndarray'>\n",
      "[[ 0.26973684 -0.01973684 -0.11184211]\n",
      " [-0.01973684  0.26973684 -0.13815789]\n",
      " [-0.11184211 -0.13815789  0.21710526]]\n",
      "<class 'numpy.ndarray'>\n",
      "[[1]\n",
      " [0]\n",
      " [1]]\n",
      "---------\n",
      "<class 'numpy.ndarray'>\n",
      "[[ 2.50000000e-01  2.08166817e-17 -1.25000000e-01]\n",
      " [ 2.08166817e-17  2.50000000e-01 -1.25000000e-01]\n",
      " [-1.25000000e-01 -1.25000000e-01  2.08333333e-01]]\n",
      "<class 'numpy.ndarray'>\n",
      "[[0]\n",
      " [0]\n",
      " [1]]\n",
      "---------\n",
      "<class 'numpy.ndarray'>\n",
      "[[ 0.23706897 -0.01293103 -0.10344828]\n",
      " [-0.01293103  0.23706897 -0.10344828]\n",
      " [-0.10344828 -0.10344828  0.17241379]]\n",
      "<class 'numpy.ndarray'>\n",
      "[[1]\n",
      " [1]\n",
      " [1]]\n",
      "---------\n",
      "<class 'numpy.ndarray'>\n",
      "[[ 0.225      -0.025      -0.1       ]\n",
      " [-0.025       0.225      -0.1       ]\n",
      " [-0.1        -0.1         0.17142857]]\n",
      "<class 'numpy.ndarray'>\n",
      "[[0]\n",
      " [1]\n",
      " [1]]\n",
      "---------\n",
      "<class 'numpy.ndarray'>\n",
      "[[ 0.2119403  -0.0119403  -0.09253731]\n",
      " [-0.0119403   0.2119403  -0.10746269]\n",
      " [-0.09253731 -0.10746269  0.16716418]]\n",
      "<class 'numpy.ndarray'>\n",
      "[[1]\n",
      " [0]\n",
      " [1]]\n",
      "---------\n",
      "<class 'numpy.ndarray'>\n",
      "[[ 2.00000000e-01  1.21430643e-17 -1.00000000e-01]\n",
      " [ 1.21430643e-17  2.00000000e-01 -1.00000000e-01]\n",
      " [-1.00000000e-01 -1.00000000e-01  1.62500000e-01]]\n",
      "<class 'numpy.ndarray'>\n",
      "[[0]\n",
      " [0]\n",
      " [1]]\n",
      "---------\n",
      "<class 'numpy.ndarray'>\n",
      "[[ 0.19139785 -0.00860215 -0.08602151]\n",
      " [-0.00860215  0.19139785 -0.08602151]\n",
      " [-0.08602151 -0.08602151  0.13978495]]\n",
      "<class 'numpy.ndarray'>\n",
      "[[1]\n",
      " [1]\n",
      " [1]]\n",
      "---------\n",
      "<class 'numpy.ndarray'>\n",
      "[[ 0.18333333 -0.01666667 -0.08333333]\n",
      " [-0.01666667  0.18333333 -0.08333333]\n",
      " [-0.08333333 -0.08333333  0.13888889]]\n",
      "<class 'numpy.ndarray'>\n",
      "[[0]\n",
      " [1]\n",
      " [1]]\n",
      "---------\n",
      "<class 'numpy.ndarray'>\n",
      "[[ 0.17467949 -0.00801282 -0.07852564]\n",
      " [-0.00801282  0.17467949 -0.08814103]\n",
      " [-0.07852564 -0.08814103  0.13621795]]\n",
      "<class 'numpy.ndarray'>\n",
      "[[1]\n",
      " [0]\n",
      " [1]]\n",
      "---------\n",
      "<class 'numpy.ndarray'>\n",
      "[[ 1.66666667e-01  1.56125113e-17 -8.33333333e-02]\n",
      " [ 6.93889390e-18  1.66666667e-01 -8.33333333e-02]\n",
      " [-8.33333333e-02 -8.33333333e-02  1.33333333e-01]]\n",
      "<class 'numpy.ndarray'>\n",
      "[[0]\n",
      " [0]\n",
      " [1]]\n",
      "---------\n",
      "<class 'numpy.ndarray'>\n",
      "[[ 0.16053922 -0.00612745 -0.07352941]\n",
      " [-0.00612745  0.16053922 -0.07352941]\n",
      " [-0.07352941 -0.07352941  0.11764706]]\n",
      "<class 'numpy.ndarray'>\n",
      "[[1]\n",
      " [1]\n",
      " [1]]\n",
      "---------\n",
      "<class 'numpy.ndarray'>\n",
      "[[ 0.1547619  -0.01190476 -0.07142857]\n",
      " [-0.01190476  0.1547619  -0.07142857]\n",
      " [-0.07142857 -0.07142857  0.11688312]]\n",
      "<class 'numpy.ndarray'>\n",
      "[[0]\n",
      " [1]\n",
      " [1]]\n",
      "---------\n",
      "<class 'numpy.ndarray'>\n",
      "[[ 0.14860978 -0.00575264 -0.06807287]\n",
      " [-0.00575264  0.14860978 -0.07478428]\n",
      " [-0.06807287 -0.07478428  0.11505273]]\n",
      "<class 'numpy.ndarray'>\n",
      "[[1]\n",
      " [0]\n",
      " [1]]\n",
      "---------\n",
      "<class 'numpy.ndarray'>\n",
      "[[ 1.42857143e-01  8.67361738e-18 -7.14285714e-02]\n",
      " [ 3.46944695e-18  1.42857143e-01 -7.14285714e-02]\n",
      " [-7.14285714e-02 -7.14285714e-02  1.13095238e-01]]\n",
      "<class 'numpy.ndarray'>\n",
      "[[0]\n",
      " [0]\n",
      " [1]]\n",
      "---------\n",
      "<class 'numpy.ndarray'>\n",
      "[[ 0.13827349 -0.00458365 -0.06417112]\n",
      " [-0.00458365  0.13827349 -0.06417112]\n",
      " [-0.06417112 -0.06417112  0.10160428]]\n",
      "<class 'numpy.ndarray'>\n",
      "[[1]\n",
      " [1]\n",
      " [1]]\n",
      "---------\n",
      "<class 'numpy.ndarray'>\n",
      "[[ 0.13392857 -0.00892857 -0.0625    ]\n",
      " [-0.00892857  0.13392857 -0.0625    ]\n",
      " [-0.0625     -0.0625      0.10096154]]\n",
      "<class 'numpy.ndarray'>\n",
      "[[1]\n",
      " [1]\n",
      " [1]]\n",
      "---------\n",
      "<class 'numpy.ndarray'>\n",
      "[[ 0.13038054 -0.01247661 -0.06113537]\n",
      " [-0.01247661  0.13038054 -0.06113537]\n",
      " [-0.06113537 -0.06113537  0.10043668]]\n",
      "<class 'numpy.ndarray'>\n",
      "[[1]\n",
      " [1]\n",
      " [1]]\n",
      "---------\n",
      "<class 'numpy.ndarray'>\n",
      "[[ 0.12742857 -0.01542857 -0.06      ]\n",
      " [-0.01542857  0.12742857 -0.06      ]\n",
      " [-0.06       -0.06        0.1       ]]\n",
      "<class 'numpy.ndarray'>\n",
      "[[1]\n",
      " [1]\n",
      " [1]]\n",
      "---------\n",
      "<class 'numpy.ndarray'>\n",
      "[[ 0.12493411 -0.01792304 -0.05904059]\n",
      " [-0.01792304  0.12493411 -0.05904059]\n",
      " [-0.05904059 -0.05904059  0.099631  ]]\n",
      "<class 'numpy.ndarray'>\n",
      "[[1]\n",
      " [1]\n",
      " [1]]\n",
      "---------\n",
      "<class 'numpy.ndarray'>\n",
      "[[ 0.12279843 -0.02005871 -0.05821918]\n",
      " [-0.02005871  0.12279843 -0.05821918]\n",
      " [-0.05821918 -0.05821918  0.09931507]]\n",
      "<class 'numpy.ndarray'>\n",
      "[[0]\n",
      " [1]\n",
      " [1]]\n",
      "---------\n",
      "<class 'numpy.ndarray'>\n",
      "[[ 0.11725664 -0.01548673 -0.05530973]\n",
      " [-0.01548673  0.11902655 -0.06061947]\n",
      " [-0.05530973 -0.06061947  0.09778761]]\n",
      "<class 'numpy.ndarray'>\n",
      "[[1]\n",
      " [0]\n",
      " [1]]\n",
      "---------\n",
      "<class 'numpy.ndarray'>\n",
      "[[ 0.11378205 -0.01121795 -0.05769231]\n",
      " [-0.01121795  0.11378205 -0.05769231]\n",
      " [-0.05769231 -0.05769231  0.09615385]]\n",
      "<class 'numpy.ndarray'>\n",
      "[[1]\n",
      " [1]\n",
      " [1]]\n",
      "---------\n",
      "<class 'numpy.ndarray'>\n",
      "[[ 0.1119012  -0.0130988  -0.05688623]\n",
      " [-0.0130988   0.1119012  -0.05688623]\n",
      " [-0.05688623 -0.05688623  0.09580838]]\n",
      "<class 'numpy.ndarray'>\n",
      "[[0]\n",
      " [1]\n",
      " [1]]\n",
      "---------\n",
      "<class 'numpy.ndarray'>\n",
      "[[ 0.10742388 -0.0095792  -0.05439617]\n",
      " [-0.0095792   0.10913445 -0.05884365]\n",
      " [-0.05439617 -0.05884365  0.09442354]]\n",
      "<class 'numpy.ndarray'>\n",
      "[[1]\n",
      " [0]\n",
      " [1]]\n",
      "---------\n",
      "<class 'numpy.ndarray'>\n",
      "[[ 0.10485133 -0.00625978 -0.05633803]\n",
      " [-0.00625978  0.10485133 -0.05633803]\n",
      " [-0.05633803 -0.05633803  0.09295775]]\n",
      "<class 'numpy.ndarray'>\n",
      "[[1]\n",
      " [1]\n",
      " [1]]\n",
      "---------\n",
      "<class 'numpy.ndarray'>\n",
      "[[ 0.1031746  -0.00793651 -0.05555556]\n",
      " [-0.00793651  0.1031746  -0.05555556]\n",
      " [-0.05555556 -0.05555556  0.09259259]]\n",
      "<class 'numpy.ndarray'>\n",
      "[[0]\n",
      " [1]\n",
      " [1]]\n",
      "---------\n",
      "<class 'numpy.ndarray'>\n",
      "[[ 0.09945799 -0.00514905 -0.05338753]\n",
      " [-0.00514905  0.10108401 -0.05718157]\n",
      " [-0.05338753 -0.05718157  0.09132791]]\n",
      "<class 'numpy.ndarray'>\n",
      "[[1]\n",
      " [0]\n",
      " [1]]\n",
      "---------\n",
      "<class 'numpy.ndarray'>\n",
      "[[ 0.0975 -0.0025 -0.055 ]\n",
      " [-0.0025  0.0975 -0.055 ]\n",
      " [-0.055  -0.055   0.09  ]]\n",
      "<class 'numpy.ndarray'>\n",
      "[[1]\n",
      " [1]\n",
      " [1]]\n",
      "---------\n",
      "<class 'numpy.ndarray'>\n",
      "[[ 0.09599057 -0.00400943 -0.05424528]\n",
      " [-0.00400943  0.09599057 -0.05424528]\n",
      " [-0.05424528 -0.05424528  0.08962264]]\n",
      "<class 'numpy.ndarray'>\n",
      "[[0]\n",
      " [1]\n",
      " [1]]\n",
      "---------\n",
      "<class 'numpy.ndarray'>\n",
      "[[ 0.09283994 -0.0017517  -0.05233195]\n",
      " [-0.0017517   0.09437267 -0.05561638]\n",
      " [-0.05233195 -0.05561638  0.0884607 ]]\n",
      "<class 'numpy.ndarray'>\n",
      "[[1]\n",
      " [0]\n",
      " [1]]\n",
      "---------\n",
      "<class 'numpy.ndarray'>\n",
      "[[ 0.09131584  0.00040675 -0.05369128]\n",
      " [ 0.00040675  0.09131584 -0.05369128]\n",
      " [-0.05369128 -0.05369128  0.08724832]]\n",
      "<class 'numpy.ndarray'>\n",
      "[[1]\n",
      " [1]\n",
      " [1]]\n",
      "---------\n",
      "<class 'numpy.ndarray'>\n",
      "[[ 0.08994607 -0.00096302 -0.0529661 ]\n",
      " [-0.00096302  0.08994607 -0.0529661 ]\n",
      " [-0.0529661  -0.0529661   0.08686441]]\n",
      "<class 'numpy.ndarray'>\n",
      "[[1]\n",
      " [1]\n",
      " [1]]\n",
      "---------\n",
      "<class 'numpy.ndarray'>\n",
      "[[ 0.0887141  -0.00219499 -0.05231388]\n",
      " [-0.00219499  0.0887141  -0.05231388]\n",
      " [-0.05231388 -0.05231388  0.08651911]]\n",
      "<class 'numpy.ndarray'>\n",
      "[[1]\n",
      " [1]\n",
      " [1]]\n",
      "---------\n",
      "<class 'numpy.ndarray'>\n",
      "[[ 0.08760014 -0.00330895 -0.05172414]\n",
      " [-0.00330895  0.08760014 -0.05172414]\n",
      " [-0.05172414 -0.05172414  0.0862069 ]]\n",
      "<class 'numpy.ndarray'>\n",
      "[[1]\n",
      " [1]\n",
      " [1]]\n",
      "---------\n",
      "<class 'numpy.ndarray'>\n",
      "[[ 0.086588   -0.00432109 -0.0511883 ]\n",
      " [-0.00432109  0.086588   -0.0511883 ]\n",
      " [-0.0511883  -0.0511883   0.08592322]]\n",
      "<class 'numpy.ndarray'>\n",
      "[[1]\n",
      " [1]\n",
      " [1]]\n",
      "---------\n",
      "<class 'numpy.ndarray'>\n",
      "[[ 0.08566434 -0.00524476 -0.0506993 ]\n",
      " [-0.00524476  0.08566434 -0.0506993 ]\n",
      " [-0.0506993  -0.0506993   0.08566434]]\n",
      "<class 'numpy.ndarray'>\n",
      "[[1]\n",
      " [1]\n",
      " [1]]\n",
      "---------\n",
      "<class 'numpy.ndarray'>\n",
      "[[ 0.08481803 -0.00609106 -0.05025126]\n",
      " [-0.00609106  0.08481803 -0.05025126]\n",
      " [-0.05025126 -0.05025126  0.08542714]]\n",
      "<class 'numpy.ndarray'>\n",
      "[[1]\n",
      " [1]\n",
      " [1]]\n",
      "---------\n",
      "<class 'numpy.ndarray'>\n",
      "[[ 0.08403975 -0.00686934 -0.04983923]\n",
      " [-0.00686934  0.08403975 -0.04983923]\n",
      " [-0.04983923 -0.04983923  0.085209  ]]\n",
      "<class 'numpy.ndarray'>\n",
      "[[1]\n",
      " [1]\n",
      " [1]]\n",
      "---------\n",
      "<class 'numpy.ndarray'>\n",
      "[[ 0.08332162 -0.00758747 -0.04945904]\n",
      " [-0.00758747  0.08332162 -0.04945904]\n",
      " [-0.04945904 -0.04945904  0.08500773]]\n",
      "<class 'numpy.ndarray'>\n",
      "[[1]\n",
      " [1]\n",
      " [1]]\n",
      "---------\n",
      "<class 'numpy.ndarray'>\n",
      "[[ 0.08265693 -0.00825216 -0.04910714]\n",
      " [-0.00825216  0.08265693 -0.04910714]\n",
      " [-0.04910714 -0.04910714  0.08482143]]\n",
      "<class 'numpy.ndarray'>\n",
      "[[1]\n",
      " [1]\n",
      " [1]]\n",
      "---------\n",
      "<class 'numpy.ndarray'>\n",
      "[[1. 0. 0.]\n",
      " [0. 1. 0.]\n",
      " [0. 0. 1.]]\n",
      "<class 'numpy.ndarray'>\n",
      "[[1]\n",
      " [1]\n",
      " [1]]\n",
      "---------\n",
      "<class 'numpy.ndarray'>\n",
      "[[ 0.75 -0.25 -0.25]\n",
      " [-0.25  0.75 -0.25]\n",
      " [-0.25 -0.25  0.75]]\n",
      "<class 'numpy.ndarray'>\n",
      "[[0]\n",
      " [1]\n",
      " [1]]\n",
      "---------\n",
      "<class 'numpy.ndarray'>\n",
      "[[ 0.625 -0.125 -0.125]\n",
      " [-0.125  0.625 -0.375]\n",
      " [-0.125 -0.375  0.625]]\n",
      "<class 'numpy.ndarray'>\n",
      "[[1]\n",
      " [0]\n",
      " [1]]\n",
      "---------\n",
      "<class 'numpy.ndarray'>\n",
      "[[ 0.5   0.   -0.25]\n",
      " [ 0.    0.5  -0.25]\n",
      " [-0.25 -0.25  0.5 ]]\n",
      "<class 'numpy.ndarray'>\n",
      "[[0]\n",
      " [0]\n",
      " [1]]\n",
      "---------\n",
      "<class 'numpy.ndarray'>\n",
      "[[ 0.45833333 -0.04166667 -0.16666667]\n",
      " [-0.04166667  0.45833333 -0.16666667]\n",
      " [-0.16666667 -0.16666667  0.33333333]]\n",
      "<class 'numpy.ndarray'>\n",
      "[[1]\n",
      " [1]\n",
      " [1]]\n",
      "---------\n",
      "<class 'numpy.ndarray'>\n",
      "[[ 0.41666667 -0.08333333 -0.16666667]\n",
      " [-0.08333333  0.41666667 -0.16666667]\n",
      " [-0.16666667 -0.16666667  0.33333333]]\n",
      "<class 'numpy.ndarray'>\n",
      "[[0]\n",
      " [1]\n",
      " [1]]\n",
      "---------\n",
      "<class 'numpy.ndarray'>\n",
      "[[ 0.37254902 -0.03921569 -0.1372549 ]\n",
      " [-0.03921569  0.37254902 -0.19607843]\n",
      " [-0.1372549  -0.19607843  0.31372549]]\n",
      "<class 'numpy.ndarray'>\n",
      "[[1]\n",
      " [0]\n",
      " [1]]\n",
      "---------\n",
      "<class 'numpy.ndarray'>\n",
      "[[ 3.33333333e-01  1.38777878e-17 -1.66666667e-01]\n",
      " [ 1.38777878e-17  3.33333333e-01 -1.66666667e-01]\n",
      " [-1.66666667e-01 -1.66666667e-01  2.91666667e-01]]\n",
      "<class 'numpy.ndarray'>\n",
      "[[0]\n",
      " [0]\n",
      " [1]]\n",
      "---------\n",
      "<class 'numpy.ndarray'>\n",
      "[[ 0.31182796 -0.02150538 -0.12903226]\n",
      " [-0.02150538  0.31182796 -0.12903226]\n",
      " [-0.12903226 -0.12903226  0.22580645]]\n",
      "<class 'numpy.ndarray'>\n",
      "[[1]\n",
      " [1]\n",
      " [1]]\n",
      "---------\n",
      "<class 'numpy.ndarray'>\n",
      "[[ 0.29166667 -0.04166667 -0.125     ]\n",
      " [-0.04166667  0.29166667 -0.125     ]\n",
      " [-0.125      -0.125       0.225     ]]\n",
      "<class 'numpy.ndarray'>\n",
      "[[0]\n",
      " [1]\n",
      " [1]]\n",
      "---------\n",
      "<class 'numpy.ndarray'>\n",
      "[[ 0.26973684 -0.01973684 -0.11184211]\n",
      " [-0.01973684  0.26973684 -0.13815789]\n",
      " [-0.11184211 -0.13815789  0.21710526]]\n",
      "<class 'numpy.ndarray'>\n",
      "[[1]\n",
      " [0]\n",
      " [1]]\n",
      "---------\n",
      "<class 'numpy.ndarray'>\n",
      "[[ 2.50000000e-01  2.08166817e-17 -1.25000000e-01]\n",
      " [ 2.08166817e-17  2.50000000e-01 -1.25000000e-01]\n",
      " [-1.25000000e-01 -1.25000000e-01  2.08333333e-01]]\n",
      "<class 'numpy.ndarray'>\n",
      "[[0]\n",
      " [0]\n",
      " [1]]\n",
      "---------\n",
      "<class 'numpy.ndarray'>\n",
      "[[ 0.23706897 -0.01293103 -0.10344828]\n",
      " [-0.01293103  0.23706897 -0.10344828]\n",
      " [-0.10344828 -0.10344828  0.17241379]]\n",
      "<class 'numpy.ndarray'>\n",
      "[[1]\n",
      " [1]\n",
      " [1]]\n",
      "---------\n",
      "<class 'numpy.ndarray'>\n",
      "[[ 0.225      -0.025      -0.1       ]\n",
      " [-0.025       0.225      -0.1       ]\n",
      " [-0.1        -0.1         0.17142857]]\n",
      "<class 'numpy.ndarray'>\n",
      "[[0]\n",
      " [1]\n",
      " [1]]\n",
      "---------\n",
      "<class 'numpy.ndarray'>\n",
      "[[ 0.2119403  -0.0119403  -0.09253731]\n",
      " [-0.0119403   0.2119403  -0.10746269]\n",
      " [-0.09253731 -0.10746269  0.16716418]]\n",
      "<class 'numpy.ndarray'>\n",
      "[[1]\n",
      " [0]\n",
      " [1]]\n",
      "---------\n",
      "<class 'numpy.ndarray'>\n",
      "[[ 2.00000000e-01  1.21430643e-17 -1.00000000e-01]\n",
      " [ 1.21430643e-17  2.00000000e-01 -1.00000000e-01]\n",
      " [-1.00000000e-01 -1.00000000e-01  1.62500000e-01]]\n",
      "<class 'numpy.ndarray'>\n",
      "[[0]\n",
      " [0]\n",
      " [1]]\n",
      "---------\n",
      "<class 'numpy.ndarray'>\n",
      "[[ 0.19139785 -0.00860215 -0.08602151]\n",
      " [-0.00860215  0.19139785 -0.08602151]\n",
      " [-0.08602151 -0.08602151  0.13978495]]\n",
      "<class 'numpy.ndarray'>\n",
      "[[1]\n",
      " [1]\n",
      " [1]]\n",
      "---------\n",
      "<class 'numpy.ndarray'>\n",
      "[[ 0.18333333 -0.01666667 -0.08333333]\n",
      " [-0.01666667  0.18333333 -0.08333333]\n",
      " [-0.08333333 -0.08333333  0.13888889]]\n",
      "<class 'numpy.ndarray'>\n",
      "[[0]\n",
      " [1]\n",
      " [1]]\n",
      "---------\n",
      "<class 'numpy.ndarray'>\n",
      "[[ 0.17467949 -0.00801282 -0.07852564]\n",
      " [-0.00801282  0.17467949 -0.08814103]\n",
      " [-0.07852564 -0.08814103  0.13621795]]\n",
      "<class 'numpy.ndarray'>\n",
      "[[1]\n",
      " [0]\n",
      " [1]]\n",
      "---------\n",
      "<class 'numpy.ndarray'>\n",
      "[[ 1.66666667e-01  1.56125113e-17 -8.33333333e-02]\n",
      " [ 6.93889390e-18  1.66666667e-01 -8.33333333e-02]\n",
      " [-8.33333333e-02 -8.33333333e-02  1.33333333e-01]]\n",
      "<class 'numpy.ndarray'>\n",
      "[[0]\n",
      " [0]\n",
      " [1]]\n",
      "---------\n",
      "<class 'numpy.ndarray'>\n",
      "[[ 0.16053922 -0.00612745 -0.07352941]\n",
      " [-0.00612745  0.16053922 -0.07352941]\n",
      " [-0.07352941 -0.07352941  0.11764706]]\n",
      "<class 'numpy.ndarray'>\n",
      "[[1]\n",
      " [1]\n",
      " [1]]\n",
      "---------\n",
      "<class 'numpy.ndarray'>\n",
      "[[ 0.1547619  -0.01190476 -0.07142857]\n",
      " [-0.01190476  0.1547619  -0.07142857]\n",
      " [-0.07142857 -0.07142857  0.11688312]]\n",
      "<class 'numpy.ndarray'>\n",
      "[[0]\n",
      " [1]\n",
      " [1]]\n",
      "---------\n",
      "<class 'numpy.ndarray'>\n",
      "[[ 0.14860978 -0.00575264 -0.06807287]\n",
      " [-0.00575264  0.14860978 -0.07478428]\n",
      " [-0.06807287 -0.07478428  0.11505273]]\n",
      "<class 'numpy.ndarray'>\n",
      "[[0]\n",
      " [1]\n",
      " [1]]\n",
      "---------\n",
      "<class 'numpy.ndarray'>\n",
      "[[ 0.14371773 -0.00086059 -0.06540448]\n",
      " [-0.00086059  0.14371773 -0.07745267]\n",
      " [-0.06540448 -0.07745267  0.11359725]]\n",
      "<class 'numpy.ndarray'>\n",
      "[[0]\n",
      " [1]\n",
      " [1]]\n",
      "---------\n",
      "<class 'numpy.ndarray'>\n",
      "[[ 0.13973458  0.00312256 -0.06323185]\n",
      " [ 0.00312256  0.13973458 -0.07962529]\n",
      " [-0.06323185 -0.07962529  0.11241218]]\n",
      "<class 'numpy.ndarray'>\n",
      "[[0]\n",
      " [1]\n",
      " [1]]\n",
      "---------\n",
      "<class 'numpy.ndarray'>\n",
      "[[ 0.13642857  0.00642857 -0.06142857]\n",
      " [ 0.00642857  0.13642857 -0.08142857]\n",
      " [-0.06142857 -0.08142857  0.11142857]]\n",
      "<class 'numpy.ndarray'>\n",
      "[[0]\n",
      " [1]\n",
      " [1]]\n",
      "---------\n",
      "<class 'numpy.ndarray'>\n",
      "[[ 0.13364055  0.00921659 -0.05990783]\n",
      " [ 0.00921659  0.13364055 -0.08294931]\n",
      " [-0.05990783 -0.08294931  0.11059908]]\n",
      "<class 'numpy.ndarray'>\n",
      "[[1]\n",
      " [1]\n",
      " [1]]\n",
      "---------\n",
      "<class 'numpy.ndarray'>\n",
      "[[ 0.12744517  0.00474215 -0.05749852]\n",
      " [ 0.00474215  0.13040901 -0.08120925]\n",
      " [-0.05749852 -0.08120925  0.10966212]]\n",
      "<class 'numpy.ndarray'>\n",
      "[[0]\n",
      " [0]\n",
      " [1]]\n",
      "---------\n",
      "<class 'numpy.ndarray'>\n",
      "[[ 0.12446581  0.00053419 -0.05181624]\n",
      " [ 0.00053419  0.12446581 -0.07318376]\n",
      " [-0.05181624 -0.07318376  0.09882479]]\n",
      "<class 'numpy.ndarray'>\n",
      "[[0]\n",
      " [1]\n",
      " [1]]\n",
      "---------\n",
      "<class 'numpy.ndarray'>\n",
      "[[ 0.12202381  0.00297619 -0.05059524]\n",
      " [ 0.00297619  0.12202381 -0.07440476]\n",
      " [-0.05059524 -0.07440476  0.09821429]]\n",
      "<class 'numpy.ndarray'>\n",
      "[[0]\n",
      " [1]\n",
      " [1]]\n",
      "---------\n",
      "<class 'numpy.ndarray'>\n",
      "[[ 0.11990741  0.00509259 -0.04953704]\n",
      " [ 0.00509259  0.11990741 -0.07546296]\n",
      " [-0.04953704 -0.07546296  0.09768519]]\n",
      "<class 'numpy.ndarray'>\n",
      "[[0]\n",
      " [0]\n",
      " [1]]\n",
      "---------\n",
      "<class 'numpy.ndarray'>\n",
      "[[ 0.11767187  0.00168705 -0.04512864]\n",
      " [ 0.00168705  0.11471953 -0.06874736]\n",
      " [-0.04512864 -0.06874736  0.08899199]]\n",
      "<class 'numpy.ndarray'>\n",
      "[[1]\n",
      " [1]\n",
      " [1]]\n",
      "---------\n",
      "<class 'numpy.ndarray'>\n",
      "[[ 0.11264898 -0.00153787 -0.04344483]\n",
      " [-0.00153787  0.11264898 -0.06766628]\n",
      " [-0.04344483 -0.06766628  0.08842753]]\n",
      "<class 'numpy.ndarray'>\n",
      "[[0]\n",
      " [1]\n",
      " [1]]\n",
      "---------\n",
      "<class 'numpy.ndarray'>\n",
      "[[ 0.11075036  0.00036075 -0.04256854]\n",
      " [ 0.00036075  0.11075036 -0.06854257]\n",
      " [-0.04256854 -0.06854257  0.08802309]]\n",
      "<class 'numpy.ndarray'>\n",
      "[[1]\n",
      " [1]\n",
      " [1]]\n",
      "---------\n",
      "<class 'numpy.ndarray'>\n",
      "[[ 0.10643236 -0.00232095 -0.04111406]\n",
      " [-0.00232095  0.10908488 -0.06763926]\n",
      " [-0.04111406 -0.06763926  0.08753316]]\n",
      "<class 'numpy.ndarray'>\n",
      "[[0]\n",
      " [0]\n",
      " [1]]\n",
      "---------\n",
      "<class 'numpy.ndarray'>\n",
      "[[ 0.10487805 -0.00487805 -0.03780488]\n",
      " [-0.00487805  0.10487805 -0.06219512]\n",
      " [-0.03780488 -0.06219512  0.0804878 ]]\n",
      "<class 'numpy.ndarray'>\n",
      "[[0]\n",
      " [1]\n",
      " [1]]\n",
      "---------\n",
      "<class 'numpy.ndarray'>\n",
      "[[ 0.10316092 -0.00316092 -0.03706897]\n",
      " [-0.00316092  0.10316092 -0.06293103]\n",
      " [-0.03706897 -0.06293103  0.08017241]]\n",
      "<class 'numpy.ndarray'>\n",
      "[[1]\n",
      " [0]\n",
      " [1]]\n",
      "---------\n",
      "<class 'numpy.ndarray'>\n",
      "[[ 0.0992228   0.0007772  -0.03963731]\n",
      " [ 0.0007772   0.0992228  -0.06036269]\n",
      " [-0.03963731 -0.06036269  0.07849741]]\n",
      "<class 'numpy.ndarray'>\n",
      "[[1]\n",
      " [1]\n",
      " [1]]\n",
      "---------\n",
      "<class 'numpy.ndarray'>\n",
      "[[ 0.09584434 -0.00144127 -0.03843382]\n",
      " [-0.00144127  0.09776603 -0.05957242]\n",
      " [-0.03843382 -0.05957242  0.0780687 ]]\n",
      "<class 'numpy.ndarray'>\n",
      "[[0]\n",
      " [0]\n",
      " [1]]\n",
      "---------\n",
      "<class 'numpy.ndarray'>\n",
      "[[ 0.09447415 -0.00356506 -0.03565062]\n",
      " [-0.00356506  0.09447415 -0.05525847]\n",
      " [-0.03565062 -0.05525847  0.07241533]]\n",
      "<class 'numpy.ndarray'>\n",
      "[[0]\n",
      " [1]\n",
      " [1]]\n",
      "---------\n",
      "<class 'numpy.ndarray'>\n",
      "[[ 0.09301835 -0.00210926 -0.03501371]\n",
      " [-0.00210926  0.09301835 -0.05589538]\n",
      " [-0.03501371 -0.05589538  0.07213668]]\n",
      "<class 'numpy.ndarray'>\n",
      "[[1]\n",
      " [0]\n",
      " [1]]\n",
      "---------\n",
      "<class 'numpy.ndarray'>\n",
      "[[ 0.08994607  0.00096302 -0.03697997]\n",
      " [ 0.00096302  0.08994607 -0.05392912]\n",
      " [-0.03697997 -0.05392912  0.07087827]]\n",
      "<class 'numpy.ndarray'>\n",
      "[[1]\n",
      " [1]\n",
      " [1]]\n",
      "---------\n",
      "<class 'numpy.ndarray'>\n",
      "[[ 0.08723022 -0.00089928 -0.03597122]\n",
      " [-0.00089928  0.08866906 -0.05323741]\n",
      " [-0.03597122 -0.05323741  0.0705036 ]]\n",
      "<class 'numpy.ndarray'>\n",
      "[[0]\n",
      " [0]\n",
      " [1]]\n",
      "---------\n",
      "<class 'numpy.ndarray'>\n",
      "[[ 0.08602151 -0.00268817 -0.03360215]\n",
      " [-0.00268817  0.08602151 -0.04973118]\n",
      " [-0.03360215 -0.04973118  0.06586022]]\n",
      "<class 'numpy.ndarray'>\n",
      "[[0]\n",
      " [1]\n",
      " [1]]\n",
      "---------\n",
      "<class 'numpy.ndarray'>\n",
      "[[ 0.08477011 -0.00143678 -0.03304598]\n",
      " [-0.00143678  0.08477011 -0.05028736]\n",
      " [-0.03304598 -0.05028736  0.06561303]]\n",
      "<class 'numpy.ndarray'>\n",
      "[[0]\n",
      " [1]\n",
      " [1]]\n",
      "---------\n",
      "<class 'numpy.ndarray'>\n",
      "[[ 0.08363747 -0.00030414 -0.03254258]\n",
      " [-0.00030414  0.08363747 -0.05079075]\n",
      " [-0.03254258 -0.05079075  0.06538929]]\n",
      "<class 'numpy.ndarray'>\n",
      "[[1]\n",
      " [0]\n",
      " [1]]\n",
      "---------\n",
      "<class 'numpy.ndarray'>\n",
      "[[ 0.08122896  0.00210438 -0.03409091]\n",
      " [ 0.00210438  0.08122896 -0.04924242]\n",
      " [-0.03409091 -0.04924242  0.06439394]]\n",
      "<class 'numpy.ndarray'>\n",
      "[[1]\n",
      " [1]\n",
      " [1]]\n",
      "---------\n",
      "<class 'numpy.ndarray'>\n",
      "[[ 0.07895084  0.00052722 -0.03321471]\n",
      " [ 0.00052722  0.08013708 -0.04863582]\n",
      " [-0.03321471 -0.04863582  0.06405694]]\n",
      "<class 'numpy.ndarray'>\n",
      "[[0]\n",
      " [0]\n",
      " [1]]\n",
      "---------\n",
      "<class 'numpy.ndarray'>\n",
      "[[ 0.07791403 -0.00099096 -0.03121516]\n",
      " [-0.00099096  0.07791403 -0.04570792]\n",
      " [-0.03121516 -0.04570792  0.06020067]]\n",
      "<class 'numpy.ndarray'>\n",
      "[[0]\n",
      " [1]\n",
      " [1]]\n",
      "---------\n",
      "<class 'numpy.ndarray'>\n",
      "[[ 7.69230769e-02  5.42101086e-18 -3.07692308e-02]\n",
      " [-1.73472348e-18  7.69230769e-02 -4.61538462e-02]\n",
      " [-3.07692308e-02 -4.61538462e-02  6.00000000e-02]]\n",
      "<class 'numpy.ndarray'>\n",
      "[[1]\n",
      " [1]\n",
      " [1]]\n",
      "---------\n",
      "<class 'numpy.ndarray'>\n",
      "[[1. 0. 0.]\n",
      " [0. 1. 0.]\n",
      " [0. 0. 1.]]\n",
      "<class 'numpy.ndarray'>\n",
      "[[1]\n",
      " [1]\n",
      " [1]]\n",
      "---------\n",
      "<class 'numpy.ndarray'>\n",
      "[[ 0.75 -0.25 -0.25]\n",
      " [-0.25  0.75 -0.25]\n",
      " [-0.25 -0.25  0.75]]\n",
      "<class 'numpy.ndarray'>\n",
      "[[0]\n",
      " [1]\n",
      " [1]]\n",
      "---------\n",
      "<class 'numpy.ndarray'>\n",
      "[[ 0.625 -0.125 -0.125]\n",
      " [-0.125  0.625 -0.375]\n",
      " [-0.125 -0.375  0.625]]\n",
      "<class 'numpy.ndarray'>\n",
      "[[1]\n",
      " [0]\n",
      " [1]]\n",
      "---------\n",
      "<class 'numpy.ndarray'>\n",
      "[[ 0.5   0.   -0.25]\n",
      " [ 0.    0.5  -0.25]\n",
      " [-0.25 -0.25  0.5 ]]\n",
      "<class 'numpy.ndarray'>\n",
      "[[0]\n",
      " [0]\n",
      " [1]]\n",
      "---------\n",
      "<class 'numpy.ndarray'>\n",
      "[[ 0.45833333 -0.04166667 -0.16666667]\n",
      " [-0.04166667  0.45833333 -0.16666667]\n",
      " [-0.16666667 -0.16666667  0.33333333]]\n",
      "<class 'numpy.ndarray'>\n",
      "[[1]\n",
      " [1]\n",
      " [1]]\n",
      "---------\n",
      "<class 'numpy.ndarray'>\n",
      "[[ 0.41666667 -0.08333333 -0.16666667]\n",
      " [-0.08333333  0.41666667 -0.16666667]\n",
      " [-0.16666667 -0.16666667  0.33333333]]\n",
      "<class 'numpy.ndarray'>\n",
      "[[0]\n",
      " [1]\n",
      " [1]]\n",
      "---------\n",
      "<class 'numpy.ndarray'>\n",
      "[[ 0.37254902 -0.03921569 -0.1372549 ]\n",
      " [-0.03921569  0.37254902 -0.19607843]\n",
      " [-0.1372549  -0.19607843  0.31372549]]\n",
      "<class 'numpy.ndarray'>\n",
      "[[1]\n",
      " [0]\n",
      " [1]]\n",
      "---------\n",
      "<class 'numpy.ndarray'>\n",
      "[[ 3.33333333e-01  1.38777878e-17 -1.66666667e-01]\n",
      " [ 1.38777878e-17  3.33333333e-01 -1.66666667e-01]\n",
      " [-1.66666667e-01 -1.66666667e-01  2.91666667e-01]]\n",
      "<class 'numpy.ndarray'>\n",
      "[[0]\n",
      " [0]\n",
      " [1]]\n",
      "---------\n",
      "<class 'numpy.ndarray'>\n",
      "[[ 0.31182796 -0.02150538 -0.12903226]\n",
      " [-0.02150538  0.31182796 -0.12903226]\n",
      " [-0.12903226 -0.12903226  0.22580645]]\n",
      "<class 'numpy.ndarray'>\n",
      "[[1]\n",
      " [1]\n",
      " [1]]\n",
      "---------\n",
      "<class 'numpy.ndarray'>\n",
      "[[ 0.29166667 -0.04166667 -0.125     ]\n",
      " [-0.04166667  0.29166667 -0.125     ]\n",
      " [-0.125      -0.125       0.225     ]]\n",
      "<class 'numpy.ndarray'>\n",
      "[[0]\n",
      " [1]\n",
      " [1]]\n",
      "---------\n",
      "<class 'numpy.ndarray'>\n",
      "[[ 0.26973684 -0.01973684 -0.11184211]\n",
      " [-0.01973684  0.26973684 -0.13815789]\n",
      " [-0.11184211 -0.13815789  0.21710526]]\n",
      "<class 'numpy.ndarray'>\n",
      "[[1]\n",
      " [0]\n",
      " [1]]\n",
      "---------\n",
      "<class 'numpy.ndarray'>\n",
      "[[ 2.50000000e-01  2.08166817e-17 -1.25000000e-01]\n",
      " [ 2.08166817e-17  2.50000000e-01 -1.25000000e-01]\n",
      " [-1.25000000e-01 -1.25000000e-01  2.08333333e-01]]\n",
      "<class 'numpy.ndarray'>\n",
      "[[0]\n",
      " [0]\n",
      " [1]]\n",
      "---------\n",
      "<class 'numpy.ndarray'>\n",
      "[[ 0.23706897 -0.01293103 -0.10344828]\n",
      " [-0.01293103  0.23706897 -0.10344828]\n",
      " [-0.10344828 -0.10344828  0.17241379]]\n",
      "<class 'numpy.ndarray'>\n",
      "[[1]\n",
      " [1]\n",
      " [1]]\n",
      "---------\n",
      "<class 'numpy.ndarray'>\n",
      "[[ 0.225      -0.025      -0.1       ]\n",
      " [-0.025       0.225      -0.1       ]\n",
      " [-0.1        -0.1         0.17142857]]\n",
      "<class 'numpy.ndarray'>\n",
      "[[0]\n",
      " [1]\n",
      " [1]]\n",
      "---------\n",
      "<class 'numpy.ndarray'>\n",
      "[[ 0.2119403  -0.0119403  -0.09253731]\n",
      " [-0.0119403   0.2119403  -0.10746269]\n",
      " [-0.09253731 -0.10746269  0.16716418]]\n",
      "<class 'numpy.ndarray'>\n",
      "[[1]\n",
      " [0]\n",
      " [1]]\n",
      "---------\n",
      "<class 'numpy.ndarray'>\n",
      "[[ 2.00000000e-01  1.21430643e-17 -1.00000000e-01]\n",
      " [ 1.21430643e-17  2.00000000e-01 -1.00000000e-01]\n",
      " [-1.00000000e-01 -1.00000000e-01  1.62500000e-01]]\n",
      "<class 'numpy.ndarray'>\n",
      "[[0]\n",
      " [0]\n",
      " [1]]\n",
      "---------\n",
      "<class 'numpy.ndarray'>\n",
      "[[ 0.19139785 -0.00860215 -0.08602151]\n",
      " [-0.00860215  0.19139785 -0.08602151]\n",
      " [-0.08602151 -0.08602151  0.13978495]]\n",
      "<class 'numpy.ndarray'>\n",
      "[[1]\n",
      " [1]\n",
      " [1]]\n",
      "---------\n",
      "<class 'numpy.ndarray'>\n",
      "[[ 0.18333333 -0.01666667 -0.08333333]\n",
      " [-0.01666667  0.18333333 -0.08333333]\n",
      " [-0.08333333 -0.08333333  0.13888889]]\n",
      "<class 'numpy.ndarray'>\n",
      "[[0]\n",
      " [1]\n",
      " [1]]\n",
      "---------\n",
      "<class 'numpy.ndarray'>\n",
      "[[ 0.17467949 -0.00801282 -0.07852564]\n",
      " [-0.00801282  0.17467949 -0.08814103]\n",
      " [-0.07852564 -0.08814103  0.13621795]]\n",
      "<class 'numpy.ndarray'>\n",
      "[[1]\n",
      " [0]\n",
      " [1]]\n",
      "---------\n",
      "<class 'numpy.ndarray'>\n",
      "[[ 1.66666667e-01  1.56125113e-17 -8.33333333e-02]\n",
      " [ 6.93889390e-18  1.66666667e-01 -8.33333333e-02]\n",
      " [-8.33333333e-02 -8.33333333e-02  1.33333333e-01]]\n",
      "<class 'numpy.ndarray'>\n",
      "[[0]\n",
      " [0]\n",
      " [1]]\n",
      "---------\n",
      "<class 'numpy.ndarray'>\n",
      "[[ 0.16053922 -0.00612745 -0.07352941]\n",
      " [-0.00612745  0.16053922 -0.07352941]\n",
      " [-0.07352941 -0.07352941  0.11764706]]\n",
      "<class 'numpy.ndarray'>\n",
      "[[1]\n",
      " [1]\n",
      " [1]]\n",
      "---------\n",
      "<class 'numpy.ndarray'>\n",
      "[[ 0.1547619  -0.01190476 -0.07142857]\n",
      " [-0.01190476  0.1547619  -0.07142857]\n",
